Total_Employment_1
450
432.5886779
427.3096194
422.0576269
417.8986464
411.4897725
408.1959918
401.397481
401.4673887
400.0077628
399.6417714
399.1102794
399.1676178
401.5563359
400.1016338
396.0377945
392.3034304
388.1547148
380.1043638
374.0144025
370.9237134
371.808286
373.5008105
377.8857027
381.0471037
379.1970072
371.5155118
374.5116506
378.2384926
378.6826119
374.4093145
376.0212229
377.129219
380.2203878
375.6099465
375.6065919
378.2426677
381.8688175
380.8149005
381.6302753
385.1152818
387.2353423
385.722121
388.3989666
386.253596
384.8461229
385.7566634
384.6482483
381.7661394
377.4682687
381.6496602
388.0545614
391.3920811
389.3733688
391.4551608
392.4008681
395.1300297
391.1814408
393.0431857
397.6809412
399.8991798
398.9301549
397.2298154
399.1352666
395.8683634
392.5370591
393.6913555
384.4269763
381.7718923
385.6786564
399.3079256
401.171565
403.6547444
409.9086271
409.343029
413.9327689
407.8968867
412.5090011
419.422183
414.1111538
412.2216219
413.7482273
420.9184365
419.0140717
419.9146552
434.4238821
429.3699893
395.1310488
392.5908227
409.6523651
418.730544
413.1096409
409.7377789
406.2497869
406.4465195
403.6792948
403.4710352
395.6795448
396.6618696
400.0596784
397.8394473
400.7111823
403.725981
399.5705081
399.3575238
407.2429624
401.9509199
399.5032036
394.202081
397.2944038
390.7180022
394.7563644
399.1198018
401.8620355
410.0169729
414.1713605
418.269846
412.3314393
417.5802933
413.2550635
412.9292707
420.9959662
422.5437672
417.6502204
420.1047977
427.6051377
425.5891271
421.1792036
430.2835825
427.2872431
426.1893182
419.4534044
423.4411702
433.2845222
428.8694627
430.1939514
424.3044269
422.5647813
422.8691749
415.517308
416.3168301
415.1318061
415.6145084
412.6082266
411.0938601
415.8785951
415.0203325
412.4522283
409.320211
408.5992134
409.3514204
409.6524369
414.2354397
410.4703882
408.3566355
410.3651889
411.5342071
425.4247888
414.0092993
420.406437
425.4891575
430.5435181
433.2027043
426.3586992
430.0582702
431.1744418
430.5877296
432.6369854
426.1885718
429.1155936
432.6091375
429.7733487
432.4670479
425.106157
429.1098194
433.9626358
434.3453671
442.1223171
444.919486
438.8105269
443.6793308
436.7207225
431.3068868
430.9245554
435.5934094
441.8458213
437.5754138
439.8933138
443.3778977
441.9775598
439.5298369
431.4107997
425.8967484
423.4513405
428.4516868
426.440055
422.1091847
420.2730515
416.378006
421.1660891
417.7053645
418.9611758
420.6188339
422.2079803
422.4494616
425.482707
426.8655036
431.6095382
429.5143142
425.0751458
432.4479964
435.4787969
439.4979323
444.8059699
446.789541
447.600563
441.6055244
445.2075746
440.7026428
440.1140728
438.0560015
436.4853409
448.1818594
443.4255764
451.4040632
450.7549997
443.7056874
436.7614652
432.0379581
440.1776195
437.2452068
439.4968045
442.8408259
446.8951331
448.1774036
442.0883941
444.6894117
445.3556018
444.2783523
444.5668163
446.8117056
448.5037006
454.3160353
458.3641773
454.326141
441.5439777
439.4442895
442.4570936
440.3447374
433.681615
429.0579223
432.8233389
435.3224522
433.2908602
435.9268835
438.1330071
438.8788175
437.021705
437.9510031
441.6051673
438.7377039
441.6689242
442.5121408
440.6534009
445.1803312
446.0158267
450.1749075
449.6549258
444.7698806
438.8094709
436.9348581
436.3439438
439.8959988
439.4070987
441.3718765
449.8100085
450.4754714
459.1689003
470.5066215
475.8430893
468.5324438
461.0801883
463.4197011
462.6478349
465.9264167
470.4179789
467.7948701
466.9681462
465.5052853
458.9878907
457.3558625
456.041997
452.5110045
454.1461382
453.3249517
457.9358257
455.121951
457.2446974
455.9169476
446.0676378
449.6903414
447.3951806
449.5722682
447.4720492
443.9350396
444.818007
443.9549149
448.8579901
448.3735892
450.4973806
449.6795216
450.8911374
453.8343325
454.807338
456.7285916
457.7138304
457.1621903
457.7497822
460.8659251
461.1118724
466.8849995
472.1821047
473.1305309
462.492542
460.6344652
463.1639526
461.89135
461.206692
458.8595587
466.2878323
465.9038602
469.9699794
471.9970136
469.0715012
466.7704285
454.901492
464.9860859
470.1071569
472.0359661
478.5776047
482.4861971
488.1416873
480.5020456
475.7801467
475.0335287
473.135346
471.2851364
471.8265835
475.7699944
477.0360344
477.9566369
481.3574065
480.8790441
470.8723221
468.3694651
461.936957
462.6415946
458.6836059
453.46424
452.763431
456.0207048
461.7556038
463.658886
467.4124039
466.4421431
464.8660189
466.2531015
464.1482443
468.705767
467.087206
467.6723649
468.9367353
473.4556805
477.9497142
485.6609079
496.1298838
487.4781172
477.7685947
476.5045981
473.7149907
470.1609974
474.0575174
473.5862111
476.7188053
481.8052846
482.2672641
485.10689
483.750168
484.5212412
477.105365
485.3486178
487.9712583
491.9496189
496.367472
497.1302342
496.1587522
492.5532794
491.660982
491.1616268
488.1043148
486.2648451
490.9416196
493.4662099
493.6108855
499.5572906
500.6741339
497.2213781
486.4855524
486.8441627
481.6144522
475.0876103
476.1277176
474.3759027
472.3532361
474.2723728
473.8554461
476.8295598
477.956803
476.2054456
473.1790288
473.4157095
479.4583642
483.9205052
481.757644
481.9321353
480.68004
489.7944721
487.426051
496.9048584
505.1829612
504.1874614
498.7372797
496.7105546
492.4284925
489.735422
492.6011821
489.8600984
490.174884
494.5454037
501.7713383
500.6311725
502.6977539
503.6325616
497.2291083
507.7609471
501.2142617
506.3363587
508.2752557
510.2390642
516.141243
510.9756199
518.2573461
521.4188412
527.1363548
523.6325787
509.8168073
510.430788
510.0249503
506.4326884
500.3407091
494.2952772
492.319738
494.9906746
488.166814
483.0163844
485.0151026
484.2652422
483.7008084
485.6984994
487.1619885
492.1888706
495.2296907
493.1817742
489.4119346
490.7550379
494.4513591
494.9269799
493.1004199
493.8559094
492.5011778
500.6175421
502.1552149
509.7800897
519.4135429
526.9606232
524.305379
519.9276636
514.0520454
512.4242714
510.6265257
509.6807744
513.6982153
516.9328881
523.8350174
521.8751642
522.5240532
520.5534848
512.5231292
521.5691766
510.4667138
508.6737625
