Q_GDP_1	Q_GDP_Demand_1	Q_GDP_Demand_2_1
294	NA	NA
295,5965019	311,1317402	291,9354051
293,7723645	309,6539677	290,362313
291,5509812	307,6448784	288,2615959
289,8298859	306,1430116	286,657238
287,3253267	304,1944028	284,6154417
286,8115448	303,4275229	283,7537984
284,051866	300,5331184	280,7632486
286,4498963	302,3479775	282,4686245
287,1835852	302,871591	282,8951711
287,7000405	303,1440205	283,0697409
287,9949301	303,2767655	283,1035833
288,6683107	304,1651364	283,8843626
290,4469631	306,0595315	285,6798479
290,1477197	301,0365896	280,6221464
289,3755315	302,7910782	282,3472798
288,67912	302,3979808	282,3789852
285,9592539	300,1296636	280,2913074
284,0424784	299,8806209	280,0524238
282,4490641	297,9325608	278,04022
283,4638037	296,4023904	276,4368026
286,231701	299,1769015	278,9504206
290,5330704	302,0224065	281,6047212
291,7618521	305,0859935	284,4714806
293,5100185	310,4159993	289,5250099
295,5623477	312,9227564	291,6799871
294,5918264	313,4930105	292,1644833
295,1039984	311,2630458	289,8149951
297,4175101	311,0219864	289,5050123
299,7131907	312,7999917	290,9001869
301,4855685	316,199203	294,1895342
302,2232439	318,09718	296,0965167
303,3863104	317,7090952	295,4102
305,3887461	321,5703061	299,0750307
306,5506116	322,9343774	300,294317
307,4918959	323,2960518	300,5515188
308,286372	324,4889722	301,6122844
307,1857654	324,1044741	301,1209627
310,0087591	324,52661	301,4418056
310,5715121	329,2480641	306,0493648
311,1563861	330,4817742	307,1530509
309,9194991	327,7382379	304,291778
309,5027262	328,0405978	304,4850309
307,9170946	326,7768903	303,1066311
308,6180193	320,9806411	297,1731831
309,9993074	322,5956959	298,6778619
310,9531094	325,1897134	301,1581451
308,8795712	322,7458622	298,5968256
311,940132	323,4480701	299,1642572
314,672424	326,2334013	301,8023105
318,6573634	327,8899392	303,3594865
322,1195058	334,2290314	309,5864915
325,8562112	337,1075827	312,3182565
327,5460258	338,7361431	313,8346626
329,6055126	341,3833405	316,3660672
330,9347102	342,701155	317,687566
333,6462938	342,4693162	317,3190565
334,3648496	343,605141	318,3375616
335,909509	349,6736438	324,6103168
336,8896393	349,0104742	323,820065
340,9534522	353,4340954	327,7880319
343,8186374	356,20278	330,3397803
346,6036452	354,3887684	328,3831811
346,6186339	358,1094746	331,9584277
347,8360255	353,7526936	327,4357822
349,2087891	354,0702823	327,6233099
347,6253253	354,2141492	327,6574083
342,3602489	349,2725522	322,5922268
343,8617386	352,0746378	325,2209681
343,3701459	352,3905078	325,4156284
345,0657583	352,1992493	325,099388
349,7314077	356,0082232	328,7819223
351,4178915	359,2177185	331,8283544
352,5892722	363,1089793	335,5801621
352,171322	363,8207201	336,1766888
350,9286718	362,5549336	334,780192
356,7332605	369,176765	341,2293151
358,5548954	372,2769966	344,2022058
358,5883094	374,4028981	346,1977826
354,0945243	370,1608952	341,8220417
359,9478046	377,5680692	349,0708227
360,8531158	380,5565843	351,8847442
364,3646035	384,2669626	355,4822858
365,5209306	387,5273126	358,6112126
368,0308905	389,217564	360,1290716
372,1172343	394,777085	365,5610389
373,0333745	398,2092337	368,9729584
372,5384929	401,7249132	372,2284218
375,122541	404,6034888	374,9265758
379,1856062	410,2656187	380,4419904
381,660139	412,9086449	383,1092611
389,3341544	419,7415242	389,6501873
390,549327	418,9501409	388,974381
394,2247713	426,5376551	396,1438677
390,3603518	419,2702771	388,8305021
392,2734006	423,1234674	392,5575441
395,8720996	427,3912998	396,4971414
390,6849344	422,3449021	391,2978648
391,9081972	422,0050202	390,8336685
394,7642119	422,8351224	391,5221265
398,6073378	425,4928655	393,9800411
391,5554231	418,9207152	387,2664714
399,4960128	425,9928852	394,2077426
403,8492172	431,1479614	399,2071244
409,0119701	434,8422153	402,6896376
410,3461528	435,1986658	402,883089
415,9165686	439,6802261	407,2260775
417,4964948	442,6403607	410,037774
418,8215015	445,2062224	412,4026235
419,0783094	445,9782706	413,0399413
422,3987382	451,2649194	418,2046806
417,9795309	446,4941764	413,2483535
426,6697557	452,5255882	419,0713022
435,2305046	461,1106311	427,2620798
439,4731713	462,7081903	428,8950609
446,2226632	471,1999824	437,3236774
453,1298278	478,4779463	444,2993517
452,3021786	478,1424579	443,8537567
460,3387428	489,9807624	455,5313305
451,4343805	481,1649258	446,3863738
456,7779517	484,4653327	449,3884437
452,0285911	479,2478334	444,2561145
460,5408903	490,0034128	454,7782566
462,5426241	492,1313103	456,960857
459,2302368	486,9082041	451,3789371
461,2658786	489,447553	453,7724578
459,6633008	492,3223056	456,4936962
460,687922	492,6815271	456,6859435
463,143538	486,7892538	450,5521543
463,4228988	487,5215233	451,0864663
462,9859263	488,49919	451,9194303
462,5946283	486,729023	449,9862466
470,6885803	489,6673159	452,6992269
475,2656259	495,6392446	458,5090213
469,9503984	490,6372788	453,3342356
469,1031694	493,9232767	456,4452076
477,4739399	499,4613051	461,6665864
482,3781376	506,8686002	468,9622208
476,6390759	501,9714071	463,7430363
477,5455213	502,9485396	464,7096663
487,6942085	509,393143	470,9143123
486,9828038	509,0877687	470,244045
493,5627393	516,5751997	477,7441301
502,1433714	523,3827112	484,3756874
510,2546392	529,5084117	490,2594836
522,4553336	545,0473812	505,6731474
523,535717	543,3222416	503,83101
527,6328035	543,9852495	504,215968
531,8547403	548,5689262	508,8508319
536,9167301	557,6199672	517,5867388
531,2164066	552,1294753	511,8835618
523,1136805	543,3118567	502,746451
535,161777	550,6440113	509,9501575
542,4401588	566,457313	525,3765381
546,3714028	572,4084301	530,7584226
535,4651592	563,0147707	521,6029233
532,9342617	559,1805276	517,4960792
534,3453229	560,9054981	519,051485
540,7635625	563,6251077	521,5821149
537,0792489	560,915423	518,6799446
540,9592853	567,215879	524,7066675
543,5769357	572,0118724	529,2680636
543,1380193	572,0525216	529,1447197
547,19116	577,8730223	534,7671459
550,0851732	579,2265964	535,8470874
559,3371019	586,6531497	543,0903648
556,0531793	582,7234086	538,9682969
560,4672487	589,1883656	545,2285716
569,4943826	598,4661884	554,2277057
577,5972791	606,7390591	562,2855315
578,4942358	607,3999674	562,7470381
575,9693251	605,8655361	561,0070331
583,4267322	613,0139709	567,8765395
592,6971158	625,5426231	580,2070841
598,3844726	629,9794288	584,8572172
590,1699224	622,857287	577,1120579
600,1915572	633,7156054	587,6954107
593,8072508	627,8350604	581,5573284
601,877566	636,3045441	589,8314484
602,6957872	638,3321141	591,6499404
601,4967829	639,4726983	592,519113
606,1181558	647,3112741	600,1679574
611,4199263	654,5867873	607,2108249
607,6414628	650,7503571	603,142332
604,0757966	647,1028615	599,194576
608,232106	652,5177099	604,3912248
615,7389533	662,8165718	614,474536
613,7669192	660,6647651	612,1095307
619,7597949	663,1689979	614,2906327
621,2019196	666,9987539	617,906615
628,3473398	674,034439	624,7212888
635,1093477	680,9720562	631,4261443
640,100555	680,8396937	630,9892302
646,2664404	687,7029477	637,5908224
653,2246438	699,0554568	648,7296896
649,3781824	693,3790368	642,8212381
662,302069	704,209316	653,350224
663,1072199	709,2513153	658,1592257
653,9160191	700,669326	649,3643144
655,1568949	703,444257	651,900952
670,86432	718,7917463	666,9143365
676,3816574	725,6076918	673,1336568
677,0552786	724,0611487	670,5151711
685,2932877	736,2575372	683,1978584
699,6595978	737,995665	685,1828438
711,3319006	751,5459783	698,3724552
727,2178448	780,1887444	726,7789386
729,5177275	786,9796946	733,5057801
724,8820407	775,2462562	721,2593323
721,7355905	776,4066075	722,1705567
716,0771966	775,2677346	720,8152935
711,7633772	771,7191097	717,0248759
718,550307	775,8093249	720,7239344
708,8408444	763,6307401	708,2990666
708,5152363	763,9248518	708,3542256
708,2887684	765,4379096	709,6148739
715,8738918	772,1677005	716,0021978
712,1381818	768,9084514	712,4823544
709,5619831	764,9233568	708,2262047
711,1706303	764,851915	707,8861094
712,3402172	763,5184776	706,1840226
719,2888497	771,8228403	714,2366381
724,0650282	776,4060818	718,5618042
728,169405	779,8480398	721,5028597
739,5419423	790,7318416	732,2745871
754,0700327	804,3063912	745,0720226
760,599873	811,393639	752,3693698
759,2610785	814,1080002	754,8065388
767,0338458	823,5574892	763,9071179
767,0498235	825,6441785	765,7255907
766,5932344	827,4910946	767,2994447
765,8262588	827,3387644	766,8591769
769,7492894	829,6681787	768,8205413
780,2570292	841,135414	779,9748106
791,4648625	853,0528087	791,6311185
790,0566711	851,8951551	790,1879021
800,5880439	864,8729557	802,7935302
795,5208526	861,7799923	799,4163204
806,6889474	873,7550997	811,1155884
806,1832135	879,2470204	816,3133948
801,0378335	872,1264831	808,815444
807,3560408	881,5875124	817,9658762
808,1476751	880,6551321	816,7401356
812,6675218	882,2137368	817,9974302
812,1472615	879,5840893	814,9854407
813,0046497	883,6194087	818,7406004
816,1306745	888,6272545	823,4856203
820,5403561	894,5692046	829,1069097
830,6037337	904,7392392	838,8082613
831,6856094	906,1984182	839,9537823
826,9668276	901,8817769	835,3712204
826,0243372	902,1293133	835,3139263
841,2172096	917,967773	850,7356269
843,2354724	920,7358212	853,2080186
852,4576966	929,1156539	861,2679699
847,9767273	923,0653665	854,8873184
869,4249649	943,8511276	875,2780216
880,144891	949,278418	880,3439834
886,6618927	958,2778453	889,0324586
903,0253446	982,3874134	912,8496457
903,8892485	982,4186085	912,4686928
911,2571961	988,6546728	918,3846077
907,3932927	985,1545319	914,5629323
909,736753	991,3308069	920,4192581
922,3008337	1003,494828	932,1539406
928,1384745	1012,928642	941,2403945
924,4940448	1006,928698	934,9022558
919,0909077	1004,02747	931,6546316
919,857861	1005,236938	932,1138532
908,48504	996,1469792	923,0283337
906,4237954	995,4405	922,0251774
901,3190661	989,6739215	915,3810393
905,4701718	991,825651	917,585309
906,7542599	991,4430583	916,8478305
914,1354967	998,2368982	923,2896477
931,3300248	1013,085477	937,7870685
944,198057	1021,491946	945,7677141
963,0700401	1039,64991	963,5807923
975,6911301	1054,087436	977,6350929
985,200209	1077,063359	1000,238383
976,605195	1067,043143	989,7588786
968,9407814	1064,030641	986,3906383
962,655202	1059,864563	981,9155291
948,8726309	1046,520681	968,1924594
956,3531179	1050,900106	972,0551689
955,1611612	1047,039644	967,8302585
961,5185518	1051,307877	971,7510084
961,4399165	1050,485526	970,5378458
977,4186324	1065,382809	984,9652896
988,2225621	1077,98148	997,162457
990,6928233	1080,257997	999,0615808
986,6532508	1078,982185	997,405583
987,0461743	1078,638394	996,6020713
999,6942329	1093,364915	1010,949211
1002,335981	1097,183483	1014,389249
998,5765559	1092,630964	1009,448464
1007,091872	1100,749838	1017,047742
1008,991061	1103,220333	1019,122747
1020,322484	1113,733976	1029,243057
1011,607811	1104,960322	1020,063369
1018,181534	1113,349267	1027,983207
1027,493763	1126,660207	1040,902946
1025,62285	1122,391914	1036,223121
1033,626522	1126,309726	1039,724476
1026,010427	1115,73603	1028,65343
1046,6096	1137,778763	1050,240717
1051,646375	1143,005172	1054,65797
1056,225381	1145,23253	1056,448045
1084,928212	1159,761304	1069,686314
1104,252879	1184,94268	1095,562278
1127,055976	1218,878484	1129,178865
1128,590227	1218,834479	1128,701173
1148,04603	1250,16726	1159,543609
1106,781013	1209,661125	1118,561245
1101,712309	1203,533064	1112,015134
1110,199294	1214,14867	1122,215459
1123,6958	1225,926721	1133,4639
1135,794933	1237,9427	1145,035414
1129,168291	1224,709599	1131,385095
1133,454782	1232,012337	1138,26925
1155,053914	1250,899791	1156,551182
1181,028721	1282,133071	1187,301442
1166,385331	1267,725561	1172,489133
1160,650764	1265,608068	1169,946241
1167,826914	1267,629894	1171,398615
1172,485339	1280,005409	1183,33715
1161,286191	1268,196185	1171,081674
1161,395072	1267,348571	1169,756768
1170,285456	1277,831877	1179,659551
1163,656414	1274,345143	1175,694945
1164,926626	1276,051121	1176,993095
1169,661062	1284,273783	1184,738467
1167,621305	1276,786388	1176,627856
1175,773854	1281,756944	1181,138769
1182,49993	1288,330585	1187,251964
1207,305762	1314,377819	1212,808447
1215,980596	1320,62299	1218,476032
1226,169397	1333,004005	1230,259254
1230,444897	1340,430881	1237,241683
1229,930412	1343,192547	1239,536467
1236,161686	1347,983408	1243,73956
1241,57577	1348,288149	1243,563323
1272,213964	1394,673844	1289,518147
1219,995803	1343,741779	1238,05969
1230,555277	1349,525112	1243,193987
1236,910901	1359,384787	1252,548556
1238,458816	1363,018234	1255,683337
1248,214053	1370,27803	1262,436953
1259,564745	1378,361028	1269,922652
1268,383717	1386,19538	1277,270592
1276,82638	1398,420068	1288,947311
1272,69698	1404,890006	1294,882559
1289,663656	1419,968946	1309,324993
1284,135496	1412,916894	1301,701613
1285,451196	1414,194695	1302,527357
1286,152404	1415,570266	1303,361115
1296,972732	1425,005116	1312,105828
1305,289268	1431,752742	1318,337163
1301,201246	1427,42512	1313,477415
1300,350635	1427,180037	1312,70227
1316,38244	1443,022837	1327,902847
1323,707676	1455,508972	1339,837949
1328,668298	1459,856799	1343,624782
1328,541562	1458,42025	1341,622199
1342,701374	1472,843351	1355,383247
1371,075931	1499,074901	1381,058348
1372,655405	1484,092441	1365,52844
1405,786721	1521,813713	1402,678218
1428,583571	1565,114563	1445,295338
1440,912823	1574,694812	1454,305612
1446,084599	1577,134644	1456,157102
1417,194975	1557,270525	1435,72337
1422,632891	1567,466326	1445,252522
1417,832041	1566,919191	1444,136252
1424,14186	1572,844676	1449,462515
1421,518791	1568,156667	1444,164155
1423,59622	1568,368589	1443,691991
1445,21398	1588,304281	1462,983864
1459,065374	1604,051664	1478,155374
1471,872765	1620,325196	1493,83947
1478,206336	1629,840947	1502,638208
1477,877655	1636,029099	1508,224333
1470,990229	1630,46327	1502,059783
1460,407564	1624,060458	1495,052662
1457,566934	1619,866212	1490,132917
1459,231476	1623,622159	1493,228161
1462,180787	1623,639944	1492,619209
1461,582364	1618,752099	1487,095374
1471,795076	1625,200262	1492,801795
1466,001259	1624,789121	1491,778443
1491,874235	1648,247399	1514,659556
1500,400019	1668,040168	1533,780231
1502,709193	1665,943887	1530,860703
1527,566211	1688,652063	1552,885233
1529,371226	1688,281755	1551,268517
1565,299958	1722,4682	1585,434693
1568,549776	1718,687921	1580,927017
1610,106165	1767,953523	1629,55765
1612,948287	1774,119691	1635,025993
1605,601926	1776,524072	1636,749214
1611,166335	1776,919861	1636,38232
1585,639329	1759,217008	1617,974676
1593,667507	1771,409025	1629,603585
1579,78851	1755,758468	1613,229993
1598,384209	1777,94282	1634,554008
1591,155759	1767,462312	1623,397745
1587,787522	1763,797347	1619,080823
1597,530404	1771,704834	1626,280328
1606,843897	1781,847929	1635,602678
1617,869367	1797,034285	1650,101262
1623,492591	1801,831586	1654,178005
1622,809356	1800,236174	1651,861943
1649,084207	1824,115735	1674,910581
1639,968625	1817,895356	1667,972288
1643,153187	1824,839052	1674,248482
1644,817142	1829,803478	1678,469581
1649,622023	1833,14381	1680,913435
1655,206963	1839,642578	1686,700631
1638,33046	1823,56255	1669,89666
1647,450963	1834,527461	1679,514094
1666,595981	1850,76982	1695,529108
1682,339778	1867,838499	1711,842818
1685,419415	1871,094092	1714,328225
1692,069066	1881,447989	1723,910584
1712,020747	1899,24393	1740,851902
1724,473131	1907,172233	1747,979621
1739,011428	1923,640869	1763,736365
1756,519593	1943,121127	1782,438792
1786,809463	1976,376523	1814,763179
1804,157844	1993,214473	1830,830648
1811,268404	2003,769902	1840,628314
1790,981773	1986,561518	1822,621854
1812,383769	2010,986874	1846,162233
1808,577431	2013,080459	1847,435737
1817,350876	2023,534586	1857,10448
1802,170576	2006,964904	1839,72179
1813,299358	2017,623892	1849,49644
1838,463391	2043,217869	1874,286491
1835,807844	2040,873673	1871,170515
1846,041283	2051,821787	1881,287044
1845,068415	2049,960745	1878,375826
1862,080218	2063,845801	1891,444262
1880,084102	2084,679138	1911,463017
1857,163432	2072,719221	1898,675821
1876,109619	2083,513208	1908,525048
1888,580348	2108,778195	1932,944759
1866,569754	2082,452351	1905,757458
1871,124399	2084,685509	1907,130878
1890,382336	2101,508772	1922,994011
1904,633408	2112,059454	1932,658015
1917,847273	2121,721848	1941,570012
1930,242101	2135,4421	1954,373281
1956,22969	2168,529098	1986,331651
1969,96555	2187,564282	2004,521507
1967,364721	2186,321043	2002,409428
1968,40777	2190,850466	2006,068396
1973,979361	2198,350679	2012,564694
1992,978758	2220,094426	2033,400701
2003,301551	2232,927035	2045,317895
2002,55393	2233,983759	2045,462029
2008,393401	2240,196841	2050,667159
1983,008263	2217,626316	2027,177041
1992,695206	2232,562761	2041,287879
1984,029115	2229,808937	2037,585018
1998,233536	2243,604804	2050,217829
1997,878412	2243,450513	2049,133588
2001,428653	2245,021358	2049,782858
2029,01531	2268,302989	2072,11851
2042,944378	2279,394193	2082,148431
2065,341736	2307,092129	2108,909713
2072,288134	2320,285992	2121,125498
2081,994431	2335,925847	2135,792231
2084,454836	2335,264066	2134,030913
2062,521232	2317,990757	2115,787255
2078,690037	2341,137529	2138,005014
2073,929398	2337,412502	2133,267905
2101,660761	2362,9015	2157,616088
2103,302855	2365,072618	2158,790439
2104,220735	2367,04326	2159,788468
2109,601512	2371,51227	2163,241432
2139,025415	2401,821193	2192,41905
2158,980098	2422,303042	2211,870623
2162,736051	2427,070132	2215,61133
2186,36597	2454,263408	2241,776355
2206,335877	2466,700156	2253,07305
2235,756178	2487,773958	2273,1001
2240,202601	2493,973969	2278,273461
2278,935511	2552,557855	2335,835549
2296,130363	2568,519623	2350,580925
2287,904858	2567,141281	2348,107202
2278,515976	2559,828836	2339,801636
2238,309781	2526,046916	2304,947604
2277,720054	2566,337393	2344,036437
2287,136706	2577,844775	2354,429923
2283,599121	2575,09571	2350,5864
2282,469404	2572,138932	2346,551941
2292,792037	2581,593412	2354,797011
2348,024648	2633,023911	2405,079141
2349,896763	2634,829213	2405,860238
2355,519189	2645,751488	2415,674487
2384,326108	2678,880974	2447,431788
